vertices: -1 -1 -1  2 -1 -1  2 2 -1  -1 2 -1  -1 -1 2  2 -1 2  2 2 2  -1 2 2
normals: -0.577350 -0.577350 -0.577350  0.577350 -0.577350 -0.577350  0.577350 0.577350 -0.577350  -0.577350 0.577350 -0.577350  -0.577350 -0.577350 0.577350  0.577350 -0.577350 0.577350  0.577350 0.577350 0.577350  -0.577350 0.577350 0.577350
indices: 0 2 1  0 3 2  4 5 6  4 6 7  0 1 5  0 5 4  2 3 7  2 7 6  1 2 6  1 6 5  0 7 3  0 4 7
triangleToObject: 0 0 0 0 0 0 0 0 0 0 0 0
total_triangles: 12
